0011000000100000010000010100001010001111100100010010001011101111000000
1111110010000101000010100001011111001000010100001010000111111100100000
0011111010000110000001000000100000010000001000000010000100111100010000
1111100010001001000010100001010000101000010100001010001011111000001000
1111111010000101000000101000011100001010000100000010000111111110000100
0001111000001000000100000010000001000000100100010010001000111000000010
1110011010010001010000110000011000001010000100100010001011100110000001
0001000000100000010000010100001010001000100111110010001001000101000000
1111110100000110000011000001111111010000011000001100000111111100100000
0011100010001010000011000000100000010000001000001010001000111000010000
1111100100001010000011000001100000110000011000001100001011111000001000
1111111100000010000001000000111110010000001000000100000011111110000100
0000010000001000000100000010000001000000100100010010001000111000000010
1000010100010010010001010000110000010100001001000100010010000100000001
0001000000100000101000010100010001001111101000001100000111000111000000
1111110010000101000010111110010000101000010100001010000111111100100000
0011101010001110000011000000100000010000001000001010001000111000010000
1111100010001001000010100001010000101000010100001010001011111000001000
1111111010000101010000111000010100001000000100000010000111111110000100
0001111000001000000100000010000001000000100000010010001000111000000010
1110011010001001001000101000011000001010000100100010001011100110000001